L7;I;45;39;1;1;39;5;1;1;39;48;1;1;39;12;1;1;22;33;1;1;
L7;R;33;20;23;25;1;6;72;73;38;40;64;32;39;12;22;33;20;23;25;1;6;
L8;I;84;50;1;1;43;42;46;56;37;71;74;25;24;5;52;14;59;35;34;85;
L8;R;85;81;80;86;16;17;53;26;3;4;36;70;92;91;45;97;41;60;44;95;
L9;I;47;13;76;7;81;80;86;16;17;55;53;26;3;4;19;21;9;30;31;
L9;R;31;8;33;20;25;24;5;54;2;51;15;78;79;77;47;
L10;I;88;69;1;1;11;6;72;73;45;39;48;90;87;
L10;R;87;82;93;89;49;39;5;2;10;69;88;
L11;I;1;6;72;73;29;27;83;68;58;
L11;R;58;68;84;61;63;62;74;25;5;1;
L12;I;47;67;57;55;53;26;3;4;45;97;41;60;66;
L12;R;65;87;82;93;44;43;42;46;94;24;5;54;28;96;18;75;13;
L13;I;1;6;72;73;38;40;64;
L13;R;64;32;39;12;22;33;20;23;25;24;5;1;
