L1I;09:00;21:00;30;84;50;43;42;46;56;37;71;74;25;24;5;52;14;59;35;34;85
L1R;09:00;21:00;30;85;81;80;86;16;17;53;26;3;4;36;70;92;91;45;97;41;60;44;95
L2I;09:00;21:00;30;47;13;76;7;81;80;86;16;17;55;53;26;3;4;19;21;9;30;31
L2R;09:00;21:00;30;31;8;33;20;25;24;5;54;2;51;15;78;79;77;47
L3I;09:00;21:00;30;88;69;11;1;6;72;73;45;39;48;90;87
L3R;09:00;21:00;30;87;82;93;89;49;39;5;2;10;69;88
L4I;09:00;21:00;30;1;6;72;73;29;27;83;68;58
L4R;09:00;21:00;30;58;68;84;61;63;62;74;25;5;1
L5I;09:00;21:00;30;47;67;57;55;53;26;3;4;45;97;41;60;66
L5R;09:00;21:00;65;87;82;93;44;43;42;46;94;24;5;54;28;96;18;75;13
L6I;09:00;21:00;30;1;6;72;73;38;40;64
L6R;09:00;21:00;30;64;32;39;12;22;33;20;23;25;24;5;1
